	RX01	RX02	RX03	RX04	RX05	RX06	RX10	RX11	RX12	RX13	RX14	RX15	RX19	RX20	RX21	RX22	RX23	RX24	RX28	RX29	RX30	RX31	RX32	RX33	compounds
COMP01	84.57041083	81.05387187	78.32594508	13.87716997	12.17089649	10.43476344	66.15240742	22.52685903	37.108564	32.92189758	19.59791641	27.08890653	116.7863205	201.4086194	164.1373698	17.58118905	16.46371331	17.05947721	5.212	5.69	9.4	7.354818335	7.288240495	6.648625635	Lactic_acid
COMP02	0	0	0	51.20759475	47.90828081	51.77668031	0	0	0	23.78040227	24.96942239	22.59138216	0	0	0	51.29905146	51.40137276	59.28412549	0	0	0	0	0	0	Malonic_acid
COMP03	0	0	0	0	0	0	0	0	0	0	0	0	0	0	0	15.31532151	16.08108758	14.54955543	0	0	0	0	0	0	Fumaric_acid
COMP04	88.278862	100.3826316	87.24281425	111.807832	96.46373852	81.94745676	8.807549776	7.818742211	6.859946824	88.14171298	96.44858597	72.8192707	86.29642116	93.89105552	90.5230141	100.9599565	106.2570596	118.5977341	5.2154	3.5454	6.5487	3.807549776	4.818742211	6.859946824	Malic_acid
COMP05	0	0	0	18.60888653	18.23181319	18.31888613	0	0	0	9.614207477	10.09491785	9.133497103	0	0	0	19.21803085	22.83717407	16.97837174	0	0	0	0	0	0	Aminobutyric_acid
COMP06	63.07449792	54.17699145	46.56164411	212.663049	197.0024848	153.5969023	17.13970789	14.45894254	12.46042036	39.95412076	27.32703023	21.38896726	66.21783312	88.87663769	76.6885121	293.7393002	148.4785893	119.5726432	7.443353085	7.815520739	7.071185431	6.473499982	6.136390454	6.764546661	Citric_acid
COMP07	0	0	0	0	0	0	0	0	0	0	0	0	0	0	0	12.850438	13.4929599	12.2079161	0	0	0	0	0	0	Ribose
COMP08	17.95945501	17.39266807	16.89	25.07329894	37.45479331	36.9588	5.481960539	6.190102033	4.159161067	20.49124633	20.63044912	21.80645949	17.97222594	18.29722307	17.1609009	33.02644144	30.02689767	44.32695524	0	0	0	0	0	0	Fructose_
COMP09	0	0	0	31.84751703	27.10802861	28.52357241	6.3188	8.454	5.24858	14.41919088	14.47312816	14.37277968	0	0	0	28.78009317	28.79892966	33.39349553	0	0	0	0	0	0	Pinitol
COMP10	63.04460354	61.45310973	52.89162698	64.90807037	70.15224954	64.87805476	28.52431734	27.23343787	31.72046436	42.99443649	41.95429901	43.95698916	53.39187027	56.81608669	54.31790791	67.87542301	72.6704347	78.36398059	36.61674471	35.70724659	35.76094618	36.30969617	36.11808718	34.52859114	Glucose
COMP11	0	0	0	5.132458	6.3215	5.7845	0	0	0	0	0	0	0	0	0	6.992998031	7.342647932	6.643348129	0	0	0	0	0	0	D_+_Chiro-Inositol
COMP12	0	0	0	12.49255336	11.01295613	10.8508	0	0	0	14.52330169	22.47315039	18.21451319	0	0	0	11.56980936	11.68972923	15.97230246	0	0	0	5.3166	6.326	5.2	Myo-Inositol
COMP13	19.95708154	22.55291841	24.64198332	24.54312313	37.9453089	28.75332055	0	0	0	0	0	0	22.71773895	22.55741225	22.26512246	22.19307362	19.52966458	22.58203604	0	0	0	0	0	0	Alanine
COMP14	0	0	0	51.74530644	51.48767425	50.54654567	0	0	0	54.71346925	52.74330424	51.26597427	0	0	0	51.84904175	51.82262111	55.07631711	0	0	0	2.151283193	2.175222658	2.30171362	Valine
COMP15	0	0	0	18.79130052	18.09505528	15.70339592	0	0	0	5.578551996	5.857479596	5.299624396	0	0	0	16.22454	17.96372924	14.37612897	0	0	0	0	0	0	Leucine
COMP16	0	0	0	18.68975456	19.90411123	17.51699346	0	0	0	5.318491052	5.584415605	5.052566499	0	0	0	20.29258251	20.52707841	15.7763406	0	0	0	0	0	0	Isoleucine
COMP17	0	0	0	18.0947965	18.99953633	17.19005668	0	0	0	0	0	0	0	0	0	18.0658814	18.96917547	17.16258733	0	0	0	0	0	0	Proline
COMP18	0	0	0	4.505830081	5.135003666	4.390747286	0	0	0	3.844803092	4.1722732	3.653984004	5.367228386	6.471164964	5.769108239	4.201947008	3.967123858	5.777999204	2.3659	2.3488	1.9442	2.3465	2.4123	3.01232	Glycine2_
COMP19	0	0	0	6.468099866	6.791504859	6.144694873	0	0	0	0	0	0	0	0	0	2.847542855	2.989919998	2.705165712	0	0	0	0	0	0	Serine
COMP20	0	0	0	6.084414348	6.388635066	5.780193631	0	0	0	0	0	0	0	0	0	5.038449134	5.290371591	4.786526677	0	0	0	0	0	0	Threonine
COMP21	0	0	0	16.80320008	17.0031889	12.53040165	0	0	0	4.826060934	5.067363981	4.584757888	0	0	0	14.69954199	15.83325252	15.923	0	0	0	0	0	0	Aspartic_acid
COMP22	38.70483077	40.64007231	36.76958923	0	0	0	28.6	30.03	27.17	0	0	0	32.656	34.2888	31.0232	0	0	0	15.654	16.245	12.2575	14.22	14.931	13.509	Glutamic_acid_
COMP23	37.946542	39.8438691	36.0492149	0	0	0	0	0	0	0	0	0	32.436	36.2123	33.57	0	0	0	0	0	0	0	0	0	Cysteine
COMP24	36.541	40.6554	35.215	16.50502097	17.33027202	15.67976992	0	0	0	0	0	0	49.44147457	49.60870285	49.28478522	16.65491442	17.48766014	15.8221687	0	0	0	0	0	0	Glutamine
COMP25	0	0	0	58	58.9729205	59.45697996	0	0	0	20.61277789	21.64341678	19.58213899	60.41821534	60.27879626	60.1861	60.3088149	63.03277884	69.31438913	0	0	0	0	0	0	Asparagine2
COMP26	0	0	0	12.5354	18.1564	11.21564	0	0	0	0	0	0	0	0	0	17.69901788	18.58396877	16.81406699	0	0	0	0	0	0	Tyrosine_2
